Number of points:  995
Points
[[0.55364804 0.34479974]
 [0.40184756 0.44588892]
 [0.40689975 0.40279849]
 [0.55695792 0.5353303 ]
 [0.44003528 0.49402308]
 [0.46863128 0.43034447]
 [0.41805486 0.54616133]
 [0.56174937 0.47716083]
 [0.4987496  0.37094366]
 [0.48734684 0.43379402]
 [0.59919077 0.48302565]
 [0.43496518 0.52402188]
 [0.41908661 0.500111  ]
 [0.45846638 0.47544839]
 [0.50443167 0.36173095]
 [0.44660408 0.54892525]
 [0.57172039 0.5524323 ]
 [0.52698043 0.36769906]
 [0.55482603 0.3661828 ]
 [0.45047324 0.4374466 ]
 [0.43925922 0.45706047]
 [0.41191546 0.37413622]
 [0.4476124  0.40510557]
 [0.52814145 0.3853725 ]
 [0.51150464 0.49770237]
 [0.59133901 0.4567728 ]
 [0.53907996 0.34670813]
 [0.57240322 0.38815728]
 [0.59678007 0.43297374]
 [0.49322078 0.50445378]
 [0.41447727 0.48037417]
 [0.53672217 0.36785973]
 [0.44361824 0.46267783]
 [0.41925776 0.49357684]
 [0.54909363 0.51292223]
 [0.53485386 0.42226025]
 [0.55719965 0.36543265]
 [0.40088899 0.40073674]
 [0.51227786 0.40309123]
 [0.49955356 0.4195067 ]
 [0.46818379 0.48466167]
 [0.58277821 0.42025604]
 [0.45961328 0.48575169]
 [0.53117148 0.39549713]
 [0.54203151 0.50026584]
 [0.46737042 0.40691253]
 [0.51351784 0.4592164 ]
 [0.5801324  0.41852696]
 [0.41051449 0.44191078]
 [0.45561606 0.50640491]
 [0.59088719 0.55166046]
 [0.4567819  0.45165783]
 [0.46479541 0.53339417]
 [0.54077887 0.34701392]
 [0.56654388 0.37804032]
 [0.41010541 0.41639369]
 [0.59787439 0.40923855]
 [0.55135872 0.43972227]
 [0.58281532 0.35314695]
 [0.50017965 0.38973512]
 [0.5306919  0.52322335]
 [1.72986574 1.36617729]
 [1.55268771 1.29307385]
 [1.19530592 1.37183613]
 [1.00714621 1.75762165]
 [1.32206104 0.91560679]
 [1.59386987 1.12201772]
 [1.49088108 1.60874987]
 [0.87854551 1.75770484]
 [1.1394159  0.96317601]
 [0.9861927  1.383853  ]
 [1.28439492 1.63725414]
 [1.56429385 1.03697319]
 [0.9894206  1.70481485]
 [1.50789846 1.35532906]
 [0.97501936 1.34203685]
 [1.4295227  1.76498589]
 [1.36601146 1.32973858]
 [1.16403105 1.54689101]
 [1.04562888 0.95381706]
 [1.07726879 0.88100582]
 [1.03695978 1.6027911 ]
 [1.4454651  0.81644112]
 [1.28477184 1.58645285]
 [1.69460736 1.73367029]
 [1.53817784 0.88617654]
 [1.67966502 1.69368322]
 [1.47844796 1.06924741]
 [1.26296917 1.47222824]
 [1.15537535 0.85936318]
 [1.61513637 1.37965788]
 [1.40548976 1.56883529]
 [1.74888952 1.30740448]
 [1.6568359  1.34279244]
 [1.7248403  1.02885122]
 [1.43678774 1.60630581]
 [1.40107509 1.53739879]
 [1.55388178 1.45597253]
 [1.7520629  1.48399642]
 [1.77395174 1.14824974]
 [1.24895194 1.28431609]
 [1.32965724 1.28678764]
 [0.87132248 1.42296501]
 [1.80470256 1.65177149]
 [1.72969761 1.01551217]
 [0.96752581 0.96843523]
 [1.24240703 1.71869892]
 [1.35893457 1.59362234]
 [1.49106638 0.81904716]
 [1.72756038 1.49820072]
 [1.53380744 1.00123377]
 [1.32552704 1.05187013]
 [1.14695702 1.19967069]
 [1.23043265 1.50595084]
 [1.21840793 1.3586758 ]
 [1.69491674 1.6680342 ]
 [0.88148207 1.04071983]
 [0.96575461 0.85729622]
 [1.71706508 1.14773474]
 [0.95084715 1.43513868]
 [1.10092259 1.43441846]
 [1.33768036 0.84990439]
 [1.27625404 0.94931131]
 [1.12429683 1.69294318]
 [1.15317706 1.1082571 ]
 [1.07328026 1.19013998]
 [1.66492083 1.28646438]
 [1.07366394 1.42220607]
 [1.20049945 1.34418801]
 [1.05862883 1.01504299]
 [1.70408061 1.18958456]
 [1.78244127 1.41986628]
 [1.54303112 0.90060247]
 [1.45406561 1.40668383]
 [1.74328582 1.33262359]
 [1.42407408 1.07301291]
 [0.94616088 1.17299774]
 [1.53953395 1.67612427]
 [1.35555107 1.32761249]
 [0.99211532 1.28529175]
 [1.6472933  1.31968255]
 [1.78188807 1.57009724]
 [1.65590619 1.56874255]
 [1.3009316  1.42036351]
 [0.86991941 1.5963784 ]
 [1.29674523 0.92180231]
 [1.80483794 1.58489075]
 [1.29042629 0.89103426]
 [1.43660568 1.33244181]
 [1.18598018 0.846125  ]
 [1.18430062 1.19159069]
 [1.14260274 1.62229756]
 [0.98101007 1.70354833]
 [1.03128417 1.39742957]
 [1.54727271 0.89073099]
 [1.05237285 0.9712763 ]
 [1.78614996 1.13339053]
 [1.41856717 1.71283593]
 [1.69222024 1.01879187]
 [1.74256434 1.1016095 ]
 [0.90888751 1.61998347]
 [1.50704587 1.58116848]
 [1.33107956 1.36816598]
 [0.93531103 1.74365656]
 [1.30780792 0.8466072 ]
 [1.16194241 0.97673267]
 [1.53636647 0.76784867]
 [0.68807503 0.94222985]
 [1.21830333 0.94453513]
 [1.04844518 0.42271467]
 [0.81287021 0.65057316]
 [0.77861826 0.98395866]
 [1.31735897 0.35974255]
 [0.84481409 0.43224169]
 [0.91057634 1.17254019]
 [0.91361107 0.84702817]
 [1.34592587 1.04821245]
 [1.22560261 0.36226465]
 [0.96970507 1.21238754]
 [1.20483551 1.12388069]
 [1.10958565 0.77871445]
 [1.00276089 0.67446953]
 [0.97593711 0.69367686]
 [0.59067348 0.97500057]
 [1.48953704 0.5662909 ]
 [1.09496811 0.87735295]
 [1.45467147 1.18642039]
 [1.39021541 1.1553779 ]
 [1.43727431 0.32886623]
 [1.04632543 0.99749205]
 [1.5226763  0.99189355]
 [0.82634114 0.81929344]
 [0.83298512 0.61621077]
 [0.65673395 1.09543639]
 [0.96278458 0.91086921]
 [1.12713156 0.56068178]
 [1.10495953 0.35490022]
 [0.82280116 0.78193898]
 [1.48281423 0.79742888]
 [0.99532477 0.41587597]
 [1.49703826 0.84941161]
 [1.19639032 0.30200933]
 [1.05216334 0.82878395]
 [1.19865567 0.66306386]
 [0.60060302 0.92003776]
 [0.63751691 0.85289177]
 [1.01337185 0.7448506 ]
 [0.94532868 0.83825783]
 [0.85041129 0.3493171 ]
 [1.09066984 0.35955854]
 [0.94363196 0.65792139]
 [0.89159735 1.13560704]
 [0.80880687 0.65085502]
 [0.97423754 0.99619424]
 [1.27011867 0.83466541]
 [1.0961375  0.66412442]
 [1.19986484 0.90766899]
 [1.27491524 0.33403536]
 [1.31537393 0.48814296]
 [1.06765218 1.01086843]
 [1.52575354 0.40031625]
 [0.83671109 0.44937179]
 [0.90814565 0.87774876]
 [0.65718696 0.62572697]
 [1.37903607 0.55197061]
 [0.9544806  0.61234183]
 [1.29285451 0.530288  ]
 [1.3406316  0.76819157]
 [0.75395296 0.35245567]
 [1.25076585 0.76359313]
 [1.14715534 0.50638803]
 [1.37970947 0.3310043 ]
 [1.3021888  0.69821913]
 [0.72154058 0.94276526]
 [1.02976841 1.11608834]
 [0.89715818 1.1001169 ]
 [1.30403953 0.73195311]
 [0.71284677 0.85077919]
 [1.16158678 0.87306619]
 [1.13298987 1.01952603]
 [1.03033344 1.04449044]
 [1.0952889  0.49599662]
 [0.96415002 1.12601263]
 [0.75415535 0.57948436]
 [1.28052399 0.88452023]
 [1.19816305 0.82838363]
 [1.20233335 0.39982436]
 [1.44820022 0.82731362]
 [0.67454228 0.4861668 ]
 [0.71616181 1.18103742]
 [1.52879611 0.59882575]
 [1.448939   0.28192308]
 [1.36613127 1.18252958]
 [0.7658231  1.09892365]
 [1.42191632 0.94657423]
 [1.38829684 0.88918399]
 [0.94083164 0.3641863 ]
 [1.44340925 0.89978201]
 [0.85167473 1.18591531]
 [1.36265747 0.42621025]
 [1.33989897 1.21106172]
 [0.61794062 1.10889534]
 [0.92218722 1.09252084]
 [1.27323943 0.99066779]
 [1.08913421 0.46438433]
 [0.66168945 1.19826142]
 [0.90266216 0.4074082 ]
 [1.28221659 0.35453415]
 [1.3105165  0.31660704]
 [1.09045803 0.91106079]
 [1.33031827 0.79336695]
 [1.05287373 0.57898127]
 [1.10657446 0.75551392]
 [0.64379785 0.40180152]
 [1.26907114 0.84766327]
 [1.20243425 0.60520943]
 [0.74806653 0.49122109]
 [1.03389797 0.32982513]
 [1.13106906 1.08107264]
 [0.82021334 0.83904695]
 [0.91798986 0.87176233]
 [0.82059444 0.46789545]
 [0.7817798  1.05286701]
 [1.41708733 1.12562646]
 [0.73811601 0.86990903]
 [0.80812408 1.0461434 ]
 [1.41132831 0.50132176]
 [1.23083482 0.68182816]
 [0.6402639  1.20474863]
 [0.9394263  0.46638389]
 [0.67652733 0.83024669]
 [0.26935879 0.60353811]
 [0.62733156 0.86748282]
 [0.3844     0.83187159]
 [0.26126787 1.14791881]
 [0.79226832 1.04874548]
 [0.38255733 1.06841844]
 [0.47340806 0.86786845]
 [0.79964576 1.0304105 ]
 [0.57707595 1.12187802]
 [0.69509698 0.98131163]
 [0.35595377 1.00699701]
 [0.69175095 0.8428586 ]
 [0.61360271 0.64981604]
 [0.52220004 1.13547267]
 [0.5328014  0.89873536]
 [0.71621543 1.12379955]
 [0.6951417  0.77047137]
 [0.55966188 1.07057964]
 [0.81183214 0.9068953 ]
 [0.46444586 1.05250588]
 [0.61843873 0.67788095]
 [0.76414651 0.85855738]
 [0.3266273  1.05156416]
 [0.31970289 0.94157546]
 [0.57532125 0.9976476 ]
 [0.31355263 0.96023483]
 [0.58263424 0.66789223]
 [0.25902777 0.72283138]
 [0.58971993 0.80306102]
 [0.58547056 0.98160227]
 [0.66789785 0.88424963]
 [0.64824373 0.74351513]
 [0.78493942 1.13328356]
 [0.82090647 0.79337928]
 [0.7219668  1.09756184]
 [0.48318969 0.65234409]
 [0.80327854 0.79373286]
 [0.26445165 1.04347715]
 [0.47210538 0.70158009]
 [0.74292352 0.96198031]
 [0.73896449 1.11896094]
 [0.33086555 1.08492357]
 [0.32797928 0.97058754]
 [0.36695779 0.65797204]
 [0.43975332 0.75911994]
 [0.53368284 0.6546956 ]
 [0.51846892 1.09434001]
 [0.46222489 1.06677289]
 [0.60906204 1.09226699]
 [0.51879762 0.67511352]
 [0.26551847 0.99003823]
 [0.78377773 0.77200177]
 [0.66361146 1.04427098]
 [0.71479477 0.64179639]
 [0.45167293 0.69013002]
 [0.42586945 0.71345057]
 [0.48041747 0.94148953]
 [0.69464879 0.97200566]
 [0.29053199 1.12828374]
 [0.24930391 1.07068174]
 [0.46493215 1.16284411]
 [0.64587353 0.71335249]
 [0.30112506 0.96946664]
 [0.36476645 0.67453576]
 [0.76990059 1.01407162]
 [0.4165669  1.15662944]
 [0.46770853 0.93357858]
 [0.8169797  0.66884526]
 [0.75927981 1.00277115]
 [0.34181823 0.64631532]
 [0.63846051 0.94487974]
 [0.68190909 1.07496564]
 [0.67811844 0.81885053]
 [0.3471231  1.14633725]
 [0.61078544 0.79213865]
 [0.71873148 0.96548816]
 [0.2770078  1.07113133]
 [0.67904244 0.97289834]
 [0.42145311 0.80547336]
 [0.47553603 0.61626462]
 [0.75732388 1.0089645 ]
 [0.77958169 1.09826942]
 [0.24853103 0.7696801 ]
 [0.83014677 1.07786964]
 [0.63545769 1.03164592]
 [0.55075034 0.9409602 ]
 [0.31662355 0.92641095]
 [0.53110953 0.91298274]
 [0.79684304 1.06587344]
 [0.49777436 0.69634057]
 [0.51995645 0.79187805]
 [0.81782205 0.69100077]
 [0.6917859  0.60849764]
 [0.48750482 0.789792  ]
 [0.68943908 0.64429393]
 [0.33511902 0.63844271]
 [0.67126608 0.98331946]
 [0.27571534 0.79446825]
 [0.53927584 0.64145133]
 [0.32011166 0.99453447]
 [0.79635512 1.03865834]
 [0.50667517 0.84466694]
 [0.70526258 0.93188957]
 [0.28929024 0.64583883]
 [0.66715914 0.86435289]
 [0.63218829 0.86323661]
 [0.25669923 1.04577385]
 [0.71724473 1.13502251]
 [0.42489599 1.13680596]
 [0.37915184 0.78505724]
 [0.42474426 0.76753637]
 [0.46666514 0.84378679]
 [0.32196183 1.16268946]
 [0.82862477 0.97081621]
 [0.57901584 0.95523562]
 [0.57701262 0.82025949]
 [0.77517903 0.68267772]
 [0.5945136  0.82008087]
 [0.35674344 0.73654431]
 [0.58370843 1.02525675]
 [0.35613588 1.00726348]
 [0.62574953 0.79584511]
 [0.71682175 0.912194  ]
 [0.7768866  0.97650104]
 [0.71318709 0.61062185]
 [0.39250426 1.10070122]
 [0.7879138  0.78408048]
 [0.68607175 1.01683483]
 [0.73234026 1.01172675]
 [0.48510545 0.72252774]
 [0.7494968  0.91928113]
 [0.49447651 0.66704173]
 [1.08875007 0.23461803]
 [1.38783457 0.35304267]
 [1.09833787 0.4816545 ]
 [1.14568125 0.19595666]
 [1.39567022 0.53758559]
 [1.01906557 0.287726  ]
 [1.30252133 0.21999967]
 [1.21499891 0.23965578]
 [1.38273622 0.52340961]
 [1.34902697 0.1569591 ]
 [1.05983569 0.22187548]
 [1.08953511 0.1916513 ]
 [1.23243255 0.36896328]
 [1.22509822 0.15334329]
 [1.24593538 0.39483739]
 [1.13364956 0.35880598]
 [1.06705216 0.35730325]
 [1.14489719 0.25166863]
 [0.98846006 0.36292778]
 [1.21938493 0.43801594]
 [1.0893535  0.12538152]
 [1.30632771 0.29827776]
 [1.10817145 0.55396579]
 [1.22385878 0.27699045]
 [1.35543459 0.43361989]
 [1.01238045 0.55180963]
 [1.00091247 0.20278909]
 [1.289637   0.55436187]
 [1.1810451  0.23485944]
 [1.02054382 0.28264013]
 [1.41654424 0.15046888]
 [1.09143844 0.1433597 ]
 [1.05505578 0.18638389]
 [1.25939699 0.54785317]
 [1.06084303 0.52415864]
 [0.99062039 0.34227049]
 [0.96556553 0.3364809 ]
 [1.05382261 0.52618456]
 [1.13972018 0.51065502]
 [1.02889372 0.49128384]
 [1.37720639 0.45831612]
 [1.25386678 0.19594304]
 [0.99365526 0.24826953]
 [0.97146011 0.27678478]
 [1.07045069 0.46992911]
 [1.20622993 0.39513487]
 [1.30379234 0.31910124]
 [1.07852422 0.44072805]
 [0.9773007  0.23778765]
 [1.02072527 0.17898867]
 [1.40992961 0.32511876]
 [1.40095442 0.35442482]
 [1.20646138 0.21086489]
 [1.22628252 0.22319818]
 [1.04400201 0.22317778]
 [1.00618325 0.15780357]
 [1.40378338 0.19519373]
 [0.97588429 0.22691325]
 [1.41520769 0.23083995]
 [1.18606776 0.52928554]
 [1.27115066 0.54564545]
 [1.32284483 0.56059099]
 [1.20896528 0.12817019]
 [1.15615637 0.17061302]
 [1.22037556 0.1516585 ]
 [1.05423162 0.51005291]
 [1.27899708 0.50579377]
 [1.26053561 0.30572489]
 [1.40013678 0.1579848 ]
 [1.0969139  0.36516477]
 [0.97478121 0.4833098 ]
 [1.38349798 0.41638955]
 [1.25301122 0.26250154]
 [1.33090642 0.25019216]
 [1.22710273 0.25503819]
 [1.08758045 0.39898503]
 [1.27179055 0.18968743]
 [1.15010361 0.18914305]
 [1.16419464 0.33463631]
 [0.99837262 0.17511666]
 [0.98048834 0.31653645]
 [1.26830354 0.17205819]
 [1.1657325  0.50894855]
 [1.16914545 0.31332459]
 [1.0787012  0.34831614]
 [1.24344511 0.23518788]
 [0.97475233 0.33947779]
 [1.2177123  0.50466362]
 [1.04566414 0.34297545]
 [1.09565634 0.38580396]
 [1.0751758  0.11782682]
 [1.35722144 0.12731923]
 [1.29517168 0.55829323]
 [1.19238126 0.28841707]
 [1.0661142  0.41981879]
 [1.38653261 0.30700265]
 [1.01045706 0.46146364]
 [1.05973126 0.40515976]
 [1.32546231 0.48699328]
 [1.34608789 0.11512128]
 [1.15418358 0.17487012]
 [0.99041067 0.48463899]
 [0.99822128 0.46292803]
 [1.16762467 0.30542775]
 [1.31811404 0.31557825]
 [1.04960324 0.11819444]
 [1.00802563 0.28667393]
 [1.36279418 0.37029964]
 [1.24865413 0.36001288]
 [1.20335042 0.23128119]
 [1.02248858 0.41085264]
 [1.06882446 0.46907264]
 [1.32960655 0.31924845]
 [1.23430612 0.4964502 ]
 [1.15649636 0.34351257]
 [1.03609174 0.31677462]
 [1.28175293 0.23966187]
 [1.10458582 0.1908559 ]
 [0.97812297 0.44827898]
 [1.20519864 0.20686614]
 [1.08119498 0.43279701]
 [1.0563066  0.211386  ]
 [1.13667463 0.27298896]
 [1.20821135 0.21108447]
 [1.41861199 0.50291955]
 [1.17562366 0.17981975]
 [1.40010662 0.18954163]
 [1.01291624 0.38483315]
 [1.20467752 0.52186644]
 [1.27250605 0.47609605]
 [1.17763261 0.32401259]
 [1.25939987 0.16660065]
 [1.24044788 0.44671692]
 [1.26032359 0.41979815]
 [1.10501941 0.48505908]
 [0.97386809 0.32289827]
 [1.33063529 0.55198087]
 [1.37213868 0.14812729]
 [1.26226522 0.42700095]
 [0.9747456  0.46271436]
 [1.07170805 0.44065641]
 [1.16777591 0.21864912]
 [0.97516012 0.23716396]
 [1.26612832 0.25897888]
 [1.07388959 0.50301378]
 [1.13385779 0.40281963]
 [1.16075487 0.48873005]
 [1.036765   0.18307807]
 [1.03887388 0.40282244]
 [1.0978074  0.13316913]
 [1.17861695 0.28779283]
 [1.14535466 0.19530527]
 [1.39164493 0.13303585]
 [1.07012799 0.22024353]
 [1.13308849 0.49004829]
 [1.31441605 0.20958398]
 [1.03134793 0.12815812]
 [1.11516858 0.28511648]
 [1.26234305 0.15438363]
 [0.98435596 0.13863976]
 [1.08093602 0.24026601]
 [1.37241949 0.48605514]
 [0.7942116  1.04672791]
 [0.70956486 1.03776759]
 [0.60817989 1.0841371 ]
 [0.74010697 0.99551143]
 [0.65452318 0.97774363]
 [0.72448096 0.94868194]
 [0.6688652  0.95442913]
 [0.66110569 1.11090224]
 [0.7727396  1.1195596 ]
 [0.67429197 1.11477955]
 [0.69361016 1.04836157]
 [0.78331389 1.10265203]
 [0.72424351 0.96317364]
 [0.72464054 1.06419832]
 [0.65503046 0.97520409]
 [0.69905288 1.09023207]
 [0.67595908 1.01802869]
 [0.74658524 1.03377086]
 [0.59788102 1.01433445]
 [0.72986844 1.066685  ]
 [0.76591726 1.04019592]
 [0.67570696 1.13921369]
 [0.62567007 1.01122848]
 [0.70637781 1.0352141 ]
 [0.77011133 1.03720502]
 [0.6979397  1.0225589 ]
 [0.6869787  1.12799344]
 [0.63615641 0.98488933]
 [0.76029316 0.97813381]
 [0.66993481 1.11448654]
 [0.59640141 0.99805277]
 [0.61504273 1.13570217]
 [0.64361342 0.95449259]
 [0.59663607 1.11912919]
 [0.62642697 0.99750731]
 [0.60499524 1.10937757]
 [0.668507   1.02039665]
 [0.6606732  1.11706778]
 [0.7635829  0.97525224]
 [0.77436174 1.07649258]
 [0.68853219 1.01550928]
 [0.78994804 1.08190632]
 [0.69731041 1.07112093]
 [0.64742312 0.97011835]
 [0.59915422 1.02841091]
 [0.71182467 1.00218414]
 [0.71857105 1.13792231]
 [0.60459421 1.12231963]
 [0.62896274 1.03164411]
 [0.77690816 1.0641538 ]
 [0.77452378 0.98020731]
 [0.78582211 0.9518571 ]
 [0.6290763  1.04757291]
 [0.74441531 1.09630241]
 [0.61434317 0.97607352]
 [0.77195238 0.98903631]
 [0.66037392 0.96107538]
 [0.69206616 1.01150131]
 [0.71396008 1.12810665]
 [0.73272194 0.97306935]
 [0.65619433 1.10597079]
 [0.78353406 1.03764347]
 [0.65250038 0.94611813]
 [0.59711279 1.08863681]
 [0.75083854 1.0504848 ]
 [0.73208171 1.08023271]
 [0.751376   0.98644136]
 [0.77952361 0.98079411]
 [0.73522543 0.9913033 ]
 [0.64131669 1.03250427]
 [0.6976859  1.12832736]
 [0.74825063 0.9392546 ]
 [0.66592121 0.95597183]
 [0.75862686 1.08461196]
 [1.50926328 1.19803398]
 [0.90742112 0.96298234]
 [1.15691312 1.56226802]
 [1.09077131 0.8519015 ]
 [1.62985722 1.15304583]
 [1.06565937 1.32114873]
 [1.3071133  1.32558938]
 [1.52372012 0.76534243]
 [1.21348826 0.85684655]
 [1.43571314 1.43199065]
 [1.12481479 0.78456047]
 [0.99830922 1.22456715]
 [1.68412593 1.20764261]
 [1.01351503 1.45650701]
 [1.65243195 1.29247523]
 [1.51465217 0.99117719]
 [1.37754248 1.00788715]
 [0.88027246 1.48727716]
 [0.98292328 0.87301764]
 [1.03919593 1.10306404]
 [1.11455074 1.37774284]
 [0.93363369 1.57153973]
 [1.52530508 1.04681633]
 [1.63129933 1.37805848]
 [1.08713514 1.30660235]
 [1.52092072 0.86752309]
 [0.9440831  0.85210041]
 [1.4606898  0.91462283]
 [0.94384254 1.02096452]
 [1.36723314 0.80796833]
 [1.2779452  1.25733391]
 [0.9503128  0.82404395]
 [0.95498919 1.095627  ]
 [1.46472712 1.31615748]
 [1.62952827 0.8205999 ]
 [0.94492191 0.83178557]
 [1.58239084 1.46648025]
 [0.94233988 1.37141592]
 [1.42916926 1.08576898]
 [0.97814335 1.04653801]
 [1.16634838 1.2946804 ]
 [0.94018393 1.15708993]
 [1.26170384 1.04780489]
 [0.99260686 1.04173633]
 [1.27269109 1.07497199]
 [0.99734345 1.44814787]
 [1.37451705 0.7586201 ]
 [1.32430741 1.16771733]
 [1.41754029 0.82409725]
 [0.99640221 1.3780341 ]
 [0.86068269 1.56234837]
 [1.54551101 1.34657445]
 [1.6238444  1.10216295]
 [1.59303515 0.94974222]
 [1.62042759 1.12063983]
 [0.9287033  0.95081812]
 [1.68039651 1.09539269]
 [1.24212511 1.38946069]
 [1.08484545 0.8196735 ]
 [0.9637941  1.03085233]
 [1.38111378 0.9062877 ]
 [1.2877524  1.3145905 ]
 [1.52142079 1.527755  ]
 [1.17460468 0.9202295 ]
 [1.11031719 1.22119476]
 [1.34424466 0.86486361]
 [1.54973744 1.51072711]
 [1.02347363 1.15124888]
 [1.60580787 1.14364482]
 [1.28850049 1.08267675]
 [0.88797823 0.84886128]
 [1.54967334 1.13536692]
 [1.52859118 1.19953122]
 [1.13934928 1.03892116]
 [0.93648591 0.86966939]
 [0.87894035 0.88159585]
 [1.47893879 1.17655115]
 [1.66730576 1.0483379 ]
 [1.2794801  1.34609592]
 [1.44397688 1.01154825]
 [1.38137131 1.41289475]
 [1.58753243 1.08035074]
 [1.07891623 1.44692399]
 [0.91503798 1.23355183]
 [1.45633296 0.86022956]
 [1.29564032 0.86736629]
 [1.07913041 1.38079461]
 [1.33518217 1.44497547]
 [1.55875529 0.98272884]
 [1.41504449 1.41409305]
 [1.26649378 1.49341057]
 [0.94034819 0.92151525]
 [1.67936983 0.77055447]
 [1.15739605 1.28602559]
 [0.99088996 1.40038763]
 [1.00731422 0.95769664]
 [1.50563874 0.92996199]
 [1.01416681 1.08751366]
 [1.22404007 1.45287947]
 [1.28448878 1.09874286]
 [1.65227049 1.28996894]
 [1.08351477 1.07163102]
 [1.32325142 1.56902782]
 [1.0093895  1.03452261]
 [1.43625689 1.09370412]
 [1.21305658 1.18609049]
 [0.94510955 0.96497161]
 [1.36891251 1.47890246]
 [0.89011666 0.86719163]
 [0.87359932 1.3815092 ]
 [1.14951706 0.84213387]
 [1.10656817 0.72342365]
 [1.57231284 0.49690984]
 [1.29662238 0.53071483]
 [1.06182031 0.76404287]
 [1.31303339 0.81263963]
 [1.02157347 0.08734939]
 [1.26648553 0.50285304]
 [1.35727852 0.72715864]
 [1.29518845 0.62850034]
 [1.54167954 0.29464782]
 [1.5061614  0.36398155]
 [1.49076408 0.55477549]
 [1.54434346 0.46831386]
 [1.12235107 0.49828136]
 [1.2575477  0.38673573]
 [1.58071838 0.04390216]
 [1.04653866 0.52752221]
 [1.27536644 0.48355972]
 [1.86675172 0.82115786]
 [1.61039528 0.64625674]
 [1.31230105 0.18855894]
 [1.19318781 0.03783317]
 [1.36296067 0.13620159]
 [1.57711409 0.44558212]
 [1.4287442  0.62503118]
 [1.15919694 0.79518733]
 [1.10367139 0.82327871]
 [1.72698806 0.39161769]
 [1.54655514 0.54546683]
 [1.0660792  0.9366164 ]
 [1.24136651 0.26885072]
 [1.64841653 0.51603368]
 [1.73304486 0.47399211]
 [1.73728822 0.1070725 ]
 [1.77284276 0.32325607]
 [1.31930288 0.15904363]
 [1.1762097  0.91723331]
 [1.87990738 0.31358901]
 [1.53411366 0.46261741]
 [1.65257958 0.89035856]
 [1.81268392 0.88115766]
 [1.4518306  0.4501739 ]
 [1.76833751 0.94472588]
 [1.62457873 0.49325356]
 [1.18258591 0.92036581]
 [1.59756951 0.58348296]
 [1.07429227 0.86105901]
 [1.54091212 0.40136014]
 [1.88065718 0.07081067]
 [1.23687931 0.45500397]
 [1.34790981 0.50536247]
 [1.61159088 0.04592795]
 [1.58120877 0.80499336]
 [1.1942292  0.29842957]
 [1.61888788 0.37954617]
 [1.4185672  0.39845939]
 [1.63086286 0.2956799 ]
 [1.13771015 0.17649931]
 [1.16185106 0.20493076]
 [1.06339561 0.27374838]
 [1.67785843 0.63673166]
 [1.86032797 0.72977728]
 [1.03983977 0.28309464]
 [1.09907483 0.88640052]
 [1.06653806 0.88743633]
 [1.01132824 0.08572166]
 [1.72187251 0.83406988]
 [1.71017938 0.17696099]
 [1.32760425 0.51254516]
 [1.3176807  0.81339512]
 [1.51966984 0.30973594]
 [1.87767218 0.73420464]
 [1.82483416 0.75967714]
 [1.15799466 0.93812861]
 [1.37005187 0.71467392]
 [1.32995111 0.2943154 ]
 [1.47993659 0.84999455]
 [1.11695227 0.16901857]
 [1.03733283 0.75126448]
 [1.15424519 0.3305179 ]
 [1.8919867  0.35181057]
 [1.50164453 0.7753321 ]
 [1.71920167 0.09391207]
 [1.87311345 0.32497626]
 [1.06294022 0.43260212]
 [1.88790661 0.36384767]
 [0.60488892 0.61399297]
 [0.50311384 0.64300052]
 [0.56812202 0.62263299]
 [0.2925225  0.51019584]
 [0.30647503 0.73147229]
 [0.61713273 0.78952636]
 [0.41093501 0.53932144]
 [0.6488642  0.50794482]
 [0.41196819 0.59217946]
 [0.68134353 0.60235404]
 [0.62092375 0.68846354]
 [0.35281955 0.71130012]
 [0.39980592 0.63645847]
 [0.44395292 0.51109926]
 [0.51351521 0.84395709]
 [0.52859435 0.79479715]
 [0.39349314 0.74438008]
 [0.48599003 0.7268069 ]
 [0.30027328 0.57366126]
 [0.52759816 0.6679176 ]
 [0.31125194 0.5791088 ]
 [0.5399796  0.54583104]
 [0.52225303 0.66369486]
 [0.61977306 0.60642595]
 [0.62118471 0.57431412]
 [0.57240365 0.55711963]
 [0.37555055 0.66303127]
 [0.51915249 0.58098649]
 [0.47230795 0.55665246]
 [0.5271124  0.58957471]
 [0.45346229 0.65598185]
 [0.42192407 0.83711541]
 [1.12519055 1.65365955]
 [1.4905363  1.7114163 ]
 [1.21434215 1.53934322]
 [1.27697474 1.57406753]
 [0.90040547 1.67542251]
 [0.99219451 1.58411223]
 [1.31266866 1.25755638]
 [0.81677215 1.65770773]
 [1.07377654 1.29045714]
 [1.48619548 1.00296295]
 [0.78750537 1.38208046]
 [1.06686981 1.06029937]
 [0.78760919 1.03128868]
 [0.95760442 1.73613663]
 [0.82638439 1.49690801]
 [0.84794643 1.41592017]
 [0.83771982 1.54249313]
 [1.40604868 1.09214286]
 [1.08400407 1.07133468]
 [1.41357698 1.71200289]
 [1.25673014 1.36315521]
 [0.97008269 1.14761931]
 [0.95688817 1.28683173]
 [1.02361105 1.38634132]
 [0.93375235 1.10186777]
 [1.29399102 1.06679951]
 [1.46956723 1.56951968]
 [1.04014483 1.36933865]
 [1.14619773 1.09296578]
 [1.30136794 1.2372032 ]
 [1.36215515 1.21490243]
 [0.82972634 1.06721729]
 [1.18826667 1.50069549]
 [0.8970935  1.38699122]
 [1.48013788 1.3864663 ]
 [1.30587545 1.68874088]
 [0.80740475 1.02828473]
 [1.05010251 1.15033133]
 [1.55522789 1.31864169]
 [1.29966778 1.41080474]
 [1.53136363 1.07552823]
 [1.22160676 1.73642105]
 [1.54736693 1.53709988]
 [1.52929129 0.96690152]
 [1.10263216 1.33236971]
 [1.51008463 1.44001174]
 [0.9615334  1.62710205]
 [0.99726118 1.55225795]
 [0.99076282 1.4146849 ]
 [0.87964391 1.67454316]
 [1.49031878 0.97490534]
 [0.99473477 1.69690547]
 [0.81142534 1.49346292]
 [0.89749072 0.97882961]
 [0.7653224  1.56255898]
 [0.94195944 1.7504309 ]
 [1.20977525 1.03998681]
 [1.18497856 1.42406514]
 [1.47527916 1.45519332]
 [1.06292626 1.41970558]
 [0.88324938 1.41004372]
 [1.02960635 1.16522394]
 [1.31726565 1.29767891]
 [1.49179417 1.22886631]
 [1.52626972 1.3981682 ]
 [1.35505554 1.67272026]
 [1.23812975 1.09636348]
 [0.86791165 1.41706432]
 [1.02406619 1.22485102]
 [1.09709709 1.36376487]
 [1.52707995 1.30305125]
 [1.1570986  1.30073449]
 [1.0581813  1.38474143]
 [1.09759403 1.64235467]
 [1.3571465  1.39692054]
 [1.49289312 1.62093532]
 [1.11426606 1.52136306]
 [1.37335545 1.03496019]
 [1.50711103 1.52307664]
 [0.79425563 1.04184113]
 [1.31170108 1.53748497]
 [1.16341369 1.06935946]
 [0.87176448 1.32547526]
 [0.79907247 1.56347722]
 [0.91368819 1.35214279]
 [1.50744765 1.431996  ]
 [1.31684198 1.72013894]
 [1.20967852 1.01835682]
 [0.91239669 1.60084605]
 [0.87952542 1.74874116]
 [1.44185998 1.72816159]
 [0.90604194 1.18681985]
 [1.17792577 1.15661113]
 [1.1128755  1.56679043]
 [1.19693729 1.74748289]
 [1.43308541 1.65040936]
 [1.31148313 1.40312164]
 [0.97556428 1.23126217]
 [1.45303609 1.10402088]
 [0.79225666 1.33545693]
 [0.85831873 1.61042317]
 [1.0052943  1.47871213]
 [1.06030341 1.3612297 ]
 [1.4312939  1.00138575]
 [1.01434782 1.34521044]
 [1.0998303  1.55128369]
 [1.24275821 1.72143139]]
Numebr of iterations:  50
Cluster centroids are:
 [[1.64392913 0.3408315 ]
 [1.07506228 0.97985908]
 [0.49821086 0.555002  ]
 [1.01532494 0.45634768]
 [1.01130454 1.49096864]
 [1.54157581 0.98226225]
 [1.46951596 1.4602371 ]
 [1.194056   0.230363  ]
 [0.64137038 1.00340992]
 [1.33288456 0.55068558]]
Time: 0.2523643970489502
Closing OTF2 event files...
Writing OTF2 definition files...
Writing OTF2 Global definition file...
Writing OTF2 Node information...
Writing OTF2 Communicators...
Closing the archive...
done.
